Tina: 3.3333333333333335
Brian: 3.0
Kenneth: 2.6666666666666665
Leonard: 2.6666666666666665
Venus: 2.6666666666666665
Jorden: 2.6666666666666665
Tiger: 2.0
Clinton: 2.0
Joseph: 1.3333333333333333
Armand: 1.3333333333333333
Jena: 3.0
Guin: 3.0
Jael: 3.3333333333333335
Zen: 3.0
Chase: 3.3333333333333335
Lucian: 3.0
Jaden: 2.0
Peter: 3.0
Zephr: 3.3333333333333335
Ima: 2.6666666666666665
Cruz: 3.3333333333333335
Colette: 3.6666666666666665
